,1
3381,142190
450,73866
5341,66747
760,60280
2934,40645
2709,37085
7555,36916
1569,34518
3532,31578
6485,31218
1433,28786
1469,27432
6901,25673
3621,25601
4660,25005
2099,24357
6454,24265
2436,18914
6434,17922
4663,16549
5717,16509
7019,14867
7717,14188
4860,14102
1080,13799
4142,13203
7974,13018
1041,11838
2146,11691
8181,11180
6284,10788
3710,10681
1169,10377
8386,10349
1379,10025
3786,9970
2970,9466
4833,8964
7113,8645
5591,8639
1520,8595
1941,8280
6424,8226
797,7815
8037,7251
3284,7116
7884,7027
1945,6568
4433,5937
8077,5843
4043,5592
7706,5449
4195,4878
209,4540
1125,4412
8775,4402
7903,4315
4579,4246
3939,4210
629,4190
8305,4168
4582,4052
8211,3951
2046,3866
7910,3703
7221,3657
6683,3565
171,3561
58,3448
7483,3366
6021,3356
3293,3328
7679,3314
7913,3165
7422,3146
2050,3017
6135,2989
6504,2988
7354,2960
3251,2951
3888,2944
8390,2927
5803,2871
4356,2867
1715,2767
380,2762
129,2590
7011,2585
4909,2576
2804,2566
4661,2548
2813,2474
2622,2451
6885,2258
7243,2211
4883,2188
8614,2179
5152,2173
6650,2169
6735,2154
1244,2145
3283,2053
7921,2051
2277,2029
2420,1869
42,1849
4083,1846
7838,1843
7605,1825
3876,1717
2634,1706
4666,1612
6189,1611
6486,1605
2786,1587
3706,1572
517,1483
611,1461
5138,1439
3679,1412
8022,1397
4070,1345
6106,1311
1072,1298
3792,1275
2691,1251
398,1243
3403,1220
2342,1217
970,1194
984,1190
7909,1187
8653,1185
4808,1177
2610,1170
8580,1146
2036,1142
775,1104
772,1101
5256,1085
5755,1044
5113,1036
6362,1027
2020,1004
1732,1004
3117,973
1839,962
3847,948
6134,947
4515,936
6963,929
3597,927
2976,926
2433,926
1860,919
5010,914
7600,897
3076,897
96,893
4720,883
3807,882
5006,879
6481,875
3232,856
3173,845
1735,841
5074,827
8844,822
2022,821
4771,808
642,804
3546,803
2995,800
7917,795
3527,794
212,788
2854,788
3673,786
8660,782
924,782
7487,771
8433,757
3046,756
5084,750
1494,745
7245,744
2198,732
3550,728
7428,726
7213,725
3101,720
5858,718
7418,716
3394,707
4885,700
1585,699
125,695
2461,692
6024,692
1803,686
2454,680
744,676
1892,675
6329,673
7374,668
1656,660
1440,654
6515,650
8678,649
892,648
1614,644
7206,628
1336,628
8292,624
2731,623
2765,621
877,619
1962,616
8476,614
8688,613
6288,613
2080,611
6195,611
7612,608
208,607
3362,606
6542,606
8800,603
2504,602
6614,600
7318,600
4173,597
3630,596
4116,595
3449,583
6352,581
3447,579
6805,576
4314,575
3033,571
5413,570
8812,569
514,564
904,562
2345,561
8619,561
6582,557
5041,555
7666,553
5039,552
5870,551
3533,549
4906,548
2365,548
3518,544
3599,544
7613,543
576,537
1623,536
286,530
8438,528
1004,524
2914,521
4059,513
2661,513
1812,512
4308,509
4584,498
3022,496
3611,493
3231,492
388,492
6597,490
8422,490
4577,488
3262,488
2941,487
76,486
4427,479
5120,478
2434,478
1775,477
7438,476
6025,475
8721,473
3722,473
8594,471
4748,471
6803,470
5270,468
8144,467
3112,460
4048,460
391,460
4874,453
4807,452
6907,451
1936,450
1905,449
539,449
7711,448
2762,448
5773,447
6020,445
2714,441
2285,437
3641,437
2667,435
2438,434
3298,432
7078,431
8662,430
6279,429
4942,428
3406,426
741,425
3570,425
2673,422
2852,422
5199,420
974,420
1073,418
5106,415
3655,411
6468,410
6905,408
5036,402
7314,401
2676,394
6186,393
7564,393
5596,390
2333,390
742,390
187,387
5003,387
3338,384
5045,384
8310,382
3561,382
1360,380
6710,380
6405,379
451,379
4242,377
2107,375
2712,372
6762,370
3488,368
3035,368
175,367
5954,364
7307,364
6830,364
1495,363
5590,362
3241,361
3770,360
5179,358
218,356
3342,356
5032,356
8831,355
939,354
6825,350
3072,350
3182,350
2106,349
7961,347
4405,347
5884,344
4597,342
1403,341
5127,340
2423,340
7724,340
915,337
7998,335
6551,332
382,332
2549,330
6591,330
4377,330
79,330
4912,329
7673,329
342,327
806,325
6046,325
5958,325
1580,324
1637,323
5408,323
6955,323
1754,322
5507,322
4687,322
2334,321
4926,321
7598,320
1853,318
680,316
7373,311
3578,310
1968,309
3075,306
5998,306
7843,303
1300,302
8479,300
6227,300
503,300
4675,299
2987,298
5953,297
1526,296
4099,294
986,294
4130,294
3628,293
4543,293
6610,293
8469,292
2361,292
876,291
4220,289
7592,289
122,289
3525,288
7274,287
8533,287
6575,286
25,286
7297,284
4309,284
4805,283
7648,281
5821,281
4260,279
1810,279
120,278
6513,277
8254,276
7143,273
6238,273
2247,273
6016,272
6533,271
3489,271
6524,270
913,270
3218,270
8330,269
2540,269
2241,268
3495,267
6044,267
5829,267
6175,266
3899,265
4155,264
8236,263
2783,263
5965,262
5116,262
2085,261
314,260
2619,260
6631,260
2645,260
6336,259
996,259
4453,259
2167,257
3871,256
5818,256
2963,256
8032,255
2973,255
683,255
3958,255
3493,255
2660,254
1598,253
685,253
8536,253
1157,253
6000,253
8856,250
4953,248
5423,247
3941,246
5777,246
3762,246
5124,246
7801,245
262,244
8363,244
6193,244
958,243
6738,242
1923,240
3559,240
4821,240
5472,240
150,239
5908,239
1182,238
6997,237
1950,237
4583,236
8510,236
6340,236
4282,236
931,235
6092,234
6568,232
547,232
6033,231
7076,231
5974,230
8186,230
1320,230
1829,229
3025,229
4951,229
4606,228
2693,228
7550,228
7524,227
2558,227
1540,227
5614,227
1418,226
4636,224
8724,224
5237,223
7832,223
7319,223
6466,223
2408,223
2592,223
7339,222
649,222
1390,222
6146,222
3499,221
2835,220
6043,220
6852,220
5337,219
6511,218
618,217
5429,217
7490,216
1644,214
4002,214
2196,214
2104,214
173,213
1398,213
8641,213
6388,212
2479,212
3596,212
8734,212
7054,212
7212,211
6375,211
303,211
5557,210
3360,210
4057,210
3750,209
2889,209
8441,209
2738,208
5294,208
6085,208
3897,207
796,207
8773,206
7286,205
2339,205
20,204
8394,203
3155,203
1772,203
6664,202
582,202
3773,202
6734,202
2422,202
1663,202
8546,202
1530,202
4570,202
3766,202
7409,201
1654,201
1793,200
8286,200
7427,200
508,200
1749,199
397,199
1011,199
1830,198
5632,198
7016,198
8069,198
5704,198
3171,198
8258,198
8253,198
2848,198
3123,198
5376,198
8349,198
5140,197
5512,197
1713,197
2635,196
2923,196
1352,196
3809,195
2202,194
5362,194
15,194
5866,193
4472,193
7132,193
1454,192
7958,192
4975,192
75,191
1943,191
2733,190
2233,190
4146,190
5414,190
6296,190
3560,190
8218,189
3170,189
5697,189
7397,188
1194,188
2306,188
5556,187
40,187
7792,187
5363,186
1794,186
1221,184
2206,184
1620,184
2441,183
2225,183
372,183
1631,183
6549,183
8055,182
3971,181
8712,181
8600,180
1588,180
5261,179
2308,179
6404,179
8651,179
5787,178
6746,178
281,178
512,178
165,178
6926,178
3038,178
5236,177
8366,177
2703,177
3210,177
6915,176
4517,176
7194,176
477,175
5155,175
7411,174
1448,174
786,174
2655,173
5651,173
2536,173
2574,173
8050,173
3096,173
6440,172
2128,172
6764,172
599,172
5775,171
1601,170
87,170
7657,170
113,169
2749,169
6475,169
961,169
3526,169
4654,169
5713,169
5481,169
6534,168
8230,167
3625,167
4753,167
1491,167
6923,167
7176,167
8246,166
8410,166
3028,166
4572,166
6566,166
779,165
1776,165
8808,165
4442,164
2532,164
814,164
3951,164
7908,163
7503,163
8188,163
4856,163
6863,162
5688,162
2279,162
8058,161
1148,161
35,161
1282,161
2322,161
7672,161
6173,161
2930,161
6164,161
1913,160
178,160
3717,160
7982,159
1942,159
2288,159
4908,158
1951,158
4649,158
4945,158
4728,158
4430,157
7667,157
3898,157
246,156
3103,156
755,156
6418,156
869,156
2869,156
2469,155
8251,155
1807,155
3813,155
6539,154
3656,154
3330,154
7136,154
3732,154
6316,154
5800,154
3291,154
833,154
5053,154
2404,154
3619,154
1193,153
7403,153
4511,152
1982,151
7043,151
3567,150
288,150
7805,150
1571,150
3367,150
4180,150
6121,149
6775,149
6446,149
6361,149
3139,148
4766,148
7008,148
5524,148
7064,148
1159,147
2975,147
8276,147
5356,147
8736,147
7452,147
3551,146
7232,146
6987,146
8259,146
6182,146
8771,146
441,146
1859,146
5888,146
3257,145
5183,145
8396,145
6749,145
7889,144
8011,144
3669,144
6868,144
800,143
6817,143
207,143
3891,142
7721,142
4528,142
2070,142
5864,142
1083,142
1253,142
4234,141
7169,141
5788,141
6403,141
3857,141
6290,141
7989,141
6412,140
6768,140
1900,140
5158,139
7347,139
8575,139
7445,138
8126,137
3927,137
5029,137
8112,137
5689,137
2593,137
6389,137
211,136
8216,136
3165,136
7460,136
7369,136
3928,136
7315,136
4523,136
4468,135
1837,135
3353,135
8693,135
4128,135
7646,134
7153,134
2700,134
7012,134
2319,134
1959,134
600,134
7823,134
5554,133
5928,133
2899,133
74,133
2982,133
5265,133
3398,132
4936,132
5986,132
3376,132
92,132
5774,132
1013,132
2615,132
1498,132
7414,131
6993,131
2435,131
7495,131
5089,131
4102,131
6445,130
5630,130
4862,130
7174,130
1452,130
2372,129
4759,129
8656,129
3479,129
457,128
3389,128
6372,128
2169,128
6540,128
3997,128
4011,128
3777,128
5939,128
4696,128
7237,128
194,127
3803,127
8733,127
7229,127
3114,127
5664,127
4600,127
1570,127
4053,126
2519,126
2666,126
4441,126
2857,126
7233,126
8466,126
4392,125
6669,125
7871,125
4765,125
5537,125
3903,125
7177,125
1916,125
665,125
7515,124
3555,124
7045,124
1037,124
3954,124
4869,123
3877,123
2069,123
4700,123
2463,123
8795,123
822,123
6359,123
7927,123
2296,123
4123,123
8131,123
3952,122
1214,122
3431,122
4973,122
8710,122
7097,122
4466,121
7959,121
72,121
1653,121
1257,121
8402,120
478,120
6416,120
5018,120
5535,120
5672,120
8545,120
8277,120
1742,120
2669,120
2559,120
3917,119
5259,119
6816,119
7072,119
3168,119
2477,119
674,119
5135,119
1443,118
5696,118
5211,118
2988,118
5281,118
7841,118
463,118
7922,118
6739,118
6453,117
6378,117
7195,117
5257,117
5147,117
1243,117
8282,117
4487,117
4470,117
8473,116
3626,116
4839,116
5070,116
8122,116
5207,116
8234,115
8496,115
1627,115
7029,115
1474,115
5371,115
4673,114
6606,114
8666,114
3424,114
3305,114
3130,114
7435,114
3116,114
3589,114
3315,114
8375,113
1646,113
5606,113
5796,113
8000,113
4117,113
7170,113
2067,113
1412,113
7301,113
3872,113
3886,113
6145,113
4342,112
8212,112
6080,112
4546,112
5038,112
7580,112
889,112
3466,112
3545,111
5968,111
8405,111
5813,111
6750,111
4789,110
6615,110
2493,110
4367,110
3318,110
4265,110
5527,110
2442,109
4321,109
6902,109
1036,109
1574,109
5769,109
6029,108
8493,108
5969,108
4930,108
555,108
729,108
6694,107
351,107
5627,107
4569,107
8108,107
2969,107
8309,107
709,107
7106,106
5789,106
724,106
2112,106
3337,106
2631,106
2199,106
2912,106
2320,106
874,106
8013,106
2487,106
3802,105
4272,105
5027,105
6594,105
792,105
6713,105
5971,105
2397,105
5338,105
7181,105
5091,105
8661,105
8226,105
2652,105
6497,105
6380,104
1061,104
7279,104
7812,104
1613,104
698,104
8090,104
8840,104
7362,104
7803,104
1576,104
7795,104
605,103
7234,103
7465,103
7619,103
3109,103
7201,103
5033,103
5538,103
1175,103
5737,103
8500,102
1023,102
179,102
4617,102
3390,102
4989,102
1765,102
2520,102
8638,102
8098,102
6101,102
620,102
4471,101
495,101
4787,101
3916,101
4451,101
8616,101
7967,101
531,101
7758,101
8269,101
6060,101
1553,101
5470,100
1298,100
7415,100
3811,100
5212,100
1266,100
4275,100
6761,100
723,100
2595,100
3862,99
5985,99
1865,99
5111,99
4376,99
8559,99
3892,99
8508,99
5132,99
3158,99
3175,99
6998,99
5791,99
3980,98
7601,98
5075,98
7682,98
2389,98
1472,98
1767,98
4830,97
4030,97
8497,97
4536,97
3472,97
2391,97
8632,97
2407,97
7158,97
8535,97
3581,97
670,97
4338,97
3089,96
8274,96
17,96
3299,96
5202,96
5425,96
1648,96
4186,96
8179,96
411,96
1544,96
8716,96
3267,96
109,96
19,96
6224,96
2338,96
8314,96
3646,96
5441,95
7046,95
768,95
6619,95
7586,95
1650,95
5353,95
6190,95
8505,95
8265,95
6577,95
8021,95
7147,95
5847,95
1815,95
6066,95
447,95
3513,95
435,95
4018,95
4208,95
2764,94
201,94
3485,94
2399,94
5123,94
6122,94
3568,94
3987,94
711,94
6769,93
3094,93
1370,93
4638,93
5896,93
4576,93
4664,93
7771,93
7476,92
2711,92
132,92
3442,92
1915,92
8239,92
4331,92
2305,92
1430,92
6089,92
7034,92
1814,92
6882,92
8570,92
898,92
6508,92
6858,91
5243,91
1191,91
5819,91
2309,91
524,91
2690,91
5762,91
2567,90
3616,90
809,90
3810,90
6184,90
1893,90
7470,90
7852,90
1208,90
6879,90
8706,90
1127,90
677,90
5639,90
1655,90
7782,90
2051,90
1979,90
3505,89
4832,89
2215,89
2314,89
4782,89
3507,89
4791,89
6935,89
8355,89
4758,89
734,89
4742,89
883,89
2678,89
8597,89
3634,89
1446,88
8764,88
5301,88
6059,88
2352,88
4434,88
6168,88
1345,88
5233,88
8421,88
2382,87
4489,87
5310,87
5559,87
4294,87
8047,87
3512,87
6265,87
2007,87
6144,87
5490,87
6620,87
5520,86
5407,86
5855,86
6333,86
6371,86
233,86
587,86
7052,86
3979,85
3480,85
1015,85
1872,85
273,85
4327,85
7468,85
699,85
4206,85
3468,85
7573,85
2550,85
8204,84
2609,84
5609,84
656,84
8097,84
8517,84
1993,84
5840,84
6180,83
5578,83
7629,83
2224,83
2330,83
643,83
112,83
6096,83
5516,83
200,83
5892,83
4364,83
1005,83
1616,83
574,83
8607,83
7231,82
4910,82
7652,82
1264,82
2561,82
7785,82
7939,82
672,82
5097,82
7144,82
410,82
6814,82
6763,81
5585,81
4287,81
1998,81
8527,81
6607,81
2756,81
941,81
3245,81
5040,81
3709,81
2094,81
1554,81
4691,81
5963,81
2902,81
93,81
4271,80
7776,80
4533,80
2999,80
8825,80
2668,80
4530,80
5643,80
5136,80
1805,80
8843,79
5,79
4375,79
1434,79
3386,79
6721,79
4473,79
6084,79
7534,79
8711,79
6917,79
4768,79
8332,79
8555,79
1310,79
1873,79
5213,79
8563,79
5332,79
6611,78
7748,78
844,78
1215,78
7799,78
1831,78
7849,78
7539,78
2453,78
5195,78
3269,78
777,78
3477,78
1638,78
3214,77
7086,77
5509,77
4149,77
3326,77
1180,77
8654,77
2932,77
5552,77
1342,77
1361,77
5387,76
5887,76
5947,76
2269,76
8033,76
5327,76
7257,76
1884,76
3013,76
7074,75
5828,75
4992,75
492,75
3379,75
3482,75
989,75
7846,75
3923,75
3136,75
640,75
3164,75
2400,75
2754,75
7840,74
7499,74
7644,74
7761,74
3607,74
7228,74
1560,74
423,74
7241,74
4194,74
8786,74
6776,74
1750,74
8415,74
6530,74
5673,74
2950,74
4403,74
4538,74
7023,74
2164,73
3674,73
4137,73
8605,73
5030,73
619,73
3553,73
6360,73
4084,73
8161,73
2480,73
7698,73
2913,73
461,72
6163,72
7925,72
7589,72
4599,72
1218,72
1160,72
6649,72
6280,72
2195,72
5734,72
456,72
6321,72
5575,72
8209,72
5846,72
7907,72
3388,71
6027,71
2821,71
1902,71
6604,71
5013,71
2360,71
5731,71
2618,71
1866,71
3138,71
1417,71
2219,71
7129,71
7960,71
1134,71
3765,71
2227,71
6894,70
6701,70
2145,70
3476,70
4389,70
3029,70
7636,70
1163,70
7678,70
6031,70
1052,70
3848,70
6628,70
2872,70
2336,69
2616,69
3352,69
2929,69
4542,69
7562,69
7930,69
5313,69
6241,69
4279,69
1800,69
6777,69
664,69
4320,69
4484,69
8577,69
5086,69
1851,69
8291,69
2403,69
4968,69
1317,68
4233,68
7101,68
1305,68
7894,68
5415,68
8636,68
6528,68
4937,68
442,68
4740,68
1213,68
4677,68
1216,68
2240,68
1778,68
3861,68
1579,68
561,68
7161,68
1497,68
4370,67
497,67
2508,67
4894,67
6756,67
7963,67
5015,67
5709,67
5783,67
7588,67
6535,67
464,67
6137,67
2736,67
305,67
1848,67
7591,67
6395,67
39,67
963,67
6787,67
1891,67
3316,67
8667,67
2780,67
4676,67
4017,66
3660,66
5396,66
134,66
1606,66
6259,66
707,66
1168,66
978,66
2863,66
8095,66
4366,66
8613,66
7719,66
6693,66
7920,66
5463,66
2232,66
3176,66
3199,66
6767,66
7872,66
997,66
4643,66
7421,66
2130,66
2075,65
7446,65
2062,65
3172,65
4932,65
4919,65
3779,65
4705,65
6165,65
3462,65
4509,65
412,65
7604,65
1514,65
2368,65
7686,65
3062,65
6426,65
2456,65
3755,65
4929,65
343,64
3554,64
1693,64
219,64
4574,64
3707,64
2440,64
2230,64
5871,64
2662,64
6937,64
4888,64
2369,64
4749,64
8586,64
7934,64
7587,64
6401,64
2774,64
5875,64
1700,64
1809,64
4393,64
4852,64
2189,64
4332,64
2729,64
6725,64
8353,64
2186,64
2047,64
7222,64
4986,64
4972,64
8184,64
5995,64
2883,64
4924,64
8146,64
6829,63
4467,63
251,63
1035,63
4981,63
7417,63
386,63
2979,63
6792,63
2119,63
4291,63
2981,63
5314,63
7321,63
4853,63
6386,63
1896,63
1973,63
2452,63
7809,63
4276,63
1177,63
3191,63
5602,63
7996,63
8080,63
4419,63
3868,63
7893,63
8828,63
5707,63
8278,63
7842,63
7584,62
5576,62
8157,62
1187,62
8561,62
3364,62
4679,62
5385,62
4933,62
7797,62
7042,62
1725,62
7204,62
1427,62
6982,62
6394,62
8321,62
4074,62
1675,62
5867,62
6270,62
2896,62
2019,62
5022,61
4014,61
2891,61
55,61
4191,61
803,61
8110,61
420,61
7581,61
7007,61
7191,61
8456,61
1464,61
8283,61
4575,61
5420,61
1898,61
798,61
1256,61
8699,61
5946,61
5625,61
4120,61
5736,61
6,61
3313,60
3921,60
4026,60
6483,60
7788,60
7632,60
799,60
2491,60
2251,60
5978,60
2855,60
2632,60
564,60
7126,60
6810,60
5923,60
5077,60
373,60
1367,60
604,60
6679,59
8206,59
434,59
1513,59
133,59
3882,59
1636,59
110,59
4827,59
7441,59
3539,59
483,59
1115,59
3552,59
1995,59
4160,59
5181,59
6179,59
871,59
938,59
8683,59
6317,59
7819,59
3855,59
4313,59
3387,59
2226,59
638,59
2074,59
2089,59
1768,59
7298,59
7684,59
7816,59
8364,58
5859,58
2990,58
8655,58
4006,58
4211,58
1938,58
5163,58
7294,58
1118,58
4407,58
7489,58
5657,58
2623,58
5269,58
3192,58
3519,58
5792,58
6913,58
4567,58
6442,58
2726,58
854,58
951,58
6900,58
7486,58
1708,58
8124,58
7798,58
7381,58
5706,58
5915,58
7024,58
7949,58
5742,58
2944,58
143,58
6390,58
4483,58
7979,58
4239,57
6964,57
4270,57
3795,57
7209,57
994,57
6553,57
4452,57
6369,57
543,57
7506,57
3729,57
2734,57
2243,57
4224,57
6605,57
6572,57
105,57
5601,57
8128,57
5122,57
6090,57
3849,57
8135,57
4785,57
8835,57
7892,57
7772,57
2093,56
4921,56
1687,56
48,56
2257,56
3222,56
3312,56
329,56
5274,56
4258,56
6102,56
3982,56
2004,56
5289,56
2042,56
5246,56
4964,56
7491,56
5143,56
6277,56
4736,56
3490,56
6896,56
3104,56
5225,56
7722,56
6794,55
1435,55
5107,55
8043,55
8111,55
6828,55
3827,55
5824,55
250,55
2496,55
3757,55
5739,55
6117,55
1057,55
5329,55
2162,55
5334,55
2430,55
8093,55
3235,55
3840,55
4595,55
621,55
8357,55
4378,55
304,55
2503,55
4438,55
4634,55
7625,55
949,54
5608,54
7324,54
7018,54
6603,54
2180,54
229,54
1413,54
3240,54
4013,54
6274,54
4317,54
4882,54
3037,54
663,54
2259,54
60,54
6196,54
7560,53
4354,53
7986,53
1541,53
7926,53
5474,53
8748,53
4784,53
7716,53
50,53
3529,53
8501,53
2262,53
4544,53
983,53
5574,53
2993,53
7003,53
5299,53
2613,53
5223,53
7013,53
4214,53
385,53
2784,53
3193,53
4904,53
8351,53
7104,53
1288,52
7094,52
4950,52
4861,52
6009,52
2877,52
819,52
3815,52
8676,52
4100,52
5297,52
5347,52
2675,52
7904,52
239,52
2702,52
3909,52
3349,52
4044,52
2287,52
6662,52
4245,52
4694,52
1309,52
2568,52
6107,52
4003,52
7786,51
6347,51
6377,51
8020,51
5907,51
400,51
894,51
5752,51
5477,51
6642,51
2692,51
2882,51
3041,51
1818,51
4974,51
6760,51
1841,51
6797,51
1141,51
431,51
6176,51
3635,51
7602,51
1597,51
7579,51
8722,51
5654,51
1284,51
1044,51
2371,51
8528,51
5776,51
1065,51
2490,51
2166,51
6183,50
648,50
6681,50
31,50
4266,50
7337,50
5336,50
7346,50
1909,50
4462,50
2432,50
8340,50
7182,50
8391,50
8673,50
5964,50
86,50
8088,50
2135,50
4857,50
4447,50
8380,50
1481,50
8806,50
592,50
6185,50
5360,50
3453,50
2591,50
7557,49
6790,49
1774,49
3823,49
6210,49
375,49
5042,49
8393,49
2177,49
4828,49
3666,49
5831,49
6379,49
7987,49
384,49
3665,49
5686,49
3768,49
6880,49
1476,49
1852,49
7777,49
4230,49
794,49
2222,49
8745,49
7426,49
6996,49
521,49
496,49
8587,49
2722,49
28,49
4652,49
5586,49
81,49
6574,49
13,49
1322,49
6729,49
715,49
771,49
1377,49
5345,49
8245,48
8244,48
7848,48
1672,48
8123,48
7099,48
4689,48
88,48
7902,48
2267,48
85,48
3302,48
7060,48
298,48
5160,48
1270,48
1888,48
632,48
6006,48
6086,48
1944,48
4369,48
6670,48
7828,48
1516,48
2358,48
203,48
3785,48
4198,48
6071,48
8642,48
6153,48
1028,48
6285,48
4859,48
1001,48
5479,48
8143,48
8201,48
3082,48
7302,48
6561,48
2837,48
2165,48
406,48
2005,48
1143,47
2142,47
8560,47
2582,47
5836,47
1791,47
7746,47
6057,47
4792,47
4004,47
4983,47
3602,47
7757,47
6684,47
5966,47
615,47
4611,47
7342,47
6689,47
3301,47
7464,47
7808,47
714,47
3230,47
2755,47
1111,47
1242,47
7754,47
5253,47
3644,47
519,47
2681,47
3287,47
7811,47
4202,47
6502,47
3276,46
7358,46
2580,46
1662,46
6652,46
6414,46
6230,46
5078,46
7125,46
2109,46
6409,46
3045,46
2663,46
2072,46
1804,46
6218,46
2194,46
2967,46
2688,46
7098,46
2002,46
8610,46
1529,46
6946,46
6724,46
5206,46
6501,46
4568,46
5403,46
6034,46
2437,46
4872,46
4644,46
8262,46
7448,46
6081,46
7048,46
5708,46
1447,46
3771,45
1927,45
4545,45
770,45
7571,45
8025,45
2235,45
6546,45
2823,45
5428,45
598,45
44,45
6510,45
7616,45
4965,45
7968,45
5364,45
7553,45
1136,45
5066,45
5343,45
5382,45
328,45
3146,45
3343,45
3573,45
130,45
3562,45
6676,45
7015,45
1615,45
3264,45
2384,45
395,45
4750,45
5610,45
6678,45
8140,45
487,45
5881,45
5180,45
2603,45
7316,45
2286,44
4571,44
2125,44
8824,44
8674,44
6627,44
3043,44
7881,44
7858,44
5285,44
3966,44
5394,44
6752,44
2473,44
7733,44
626,44
2081,44
5809,44
8267,44
3975,44
3663,44
2862,44
3585,44
5961,44
1219,44
6671,44
3253,44
4760,44
4351,44
8316,44
7851,44
6112,44
4710,44
6532,44
8384,44
8318,44
6251,44
3977,44
1314,44
6235,44
3961,44
4454,43
6154,43
6300,43
767,43
7953,43
1948,43
3584,43
5393,43
5937,43
4678,43
840,43
2467,43
5172,43
8070,43
2901,43
3760,43
2742,43
4640,43
5879,43
8064,43
7606,43
183,43
5919,43
6255,43
4976,43
5288,43
3178,43
5691,43
825,43
5862,43
8359,43
8558,43
8142,43
4931,43
5430,43
317,43
7882,43
230,43
2844,43
5618,43
5139,43
6876,43
7474,43
2556,43
149,42
4178,42
6381,42
4996,42
541,42
357,42
2696,42
77,42
7278,42
6243,42
5613,42
4163,42
5977,42
1339,42
4257,42
5101,42
8731,42
8751,42
8556,42
4732,42
7528,42
2625,42
4126,42
3281,42
4665,42
83,42
1091,42
7932,42
3925,42
5545,42
7796,42
6779,42
7896,42
2842,42
5001,42
804,42
2450,42
5083,42
7502,42
1626,42
2173,42
3658,42
8342,42
8848,42
6363,41
2485,41
2576,41
2621,41
3346,41
4962,41
4037,41
7905,41
2328,41
6346,41
7146,41
6537,41
3426,41
8602,41
4225,41
6514,41
7827,41
4734,41
5685,41
7220,41
6223,41
4622,41
1487,41
4846,41
3248,41
8056,41
7330,41
8793,41
836,41
5646,41
2648,41
2723,41
2836,41
297,41
2511,41
4739,41
5822,41
5205,41
7977,41
3292,41
5956,41
4581,40
3690,40
4114,40
5121,40
1188,40
7690,40
3441,40
6983,40
5910,40
3520,40
7063,40
4383,40
4171,40
8284,40
8846,40
5906,40
3211,40
3632,40
7071,40
4500,40
7196,40
6784,40
7093,40
6801,40
2659,40
8087,40
5681,40
8853,40
795,40
4077,40
7154,40
2138,40
471,40
2113,40
4267,40
7834,40
7193,40
1764,40
6657,40
5085,40
4775,40
936,40
1453,40
3310,40
8059,40
1343,40
7328,40
6439,40
3541,40
1051,40
3064,40
4345,40
295,40
3960,40
4,40
6740,40
7312,40
7566,39
7260,39
7529,39
4801,39
706,39
2807,39
8702,39
6753,39
1522,39
2244,39
2876,39
6609,39
4009,39
4421,39
1850,39
811,39
8692,39
8504,39
3289,39
8004,39
6743,39
2258,39
69,39
8588,39
5150,39
5188,39
6832,39
7447,39
3492,39
1605,39
1604,39
8130,39
4635,39
255,39
6099,39
3636,39
1301,39
1096,39
1685,39
5330,39
4360,39
7745,39
4326,39
6348,38
4518,38
5383,38
3128,38
1880,38
2908,38
6573,38
5331,38
554,38
1697,38
4296,38
8027,38
3434,38
2092,38
3826,38
5936,38
6131,38
5825,38
7089,38
6152,38
5080,38
2153,38
1068,38
7416,38
7134,38
4793,38
6437,38
8482,38
8481,38
6843,38
6451,38
6892,38
4502,38
1738,38
1528,38
8837,38
4499,38
1362,38
6638,38
2664,38
1751,38
4431,38
1762,38
6278,38
5996,38
5349,38
4325,38
8377,38
3339,38
2586,38
7444,38
6212,38
4903,38
8174,38
1676,38
4111,38
8099,38
2735,38
8784,38
2136,38
5377,38
3833,38
6503,38
2885,37
1337,37
2449,37
1043,37
4809,37
5666,37
1640,37
266,37
5157,37
805,37
1515,37
8360,37
6871,37
7259,37
6467,37
8589,37
4113,37
7185,37
4240,37
4761,37
2281,37
3549,37
5536,37
3106,37
2868,37
5677,37
5543,37
6559,37
4384,37
7357,37
4140,37
5566,37
2585,37
1932,37
2347,37
7516,37
5795,37
7868,37
4746,37
1811,37
8263,37
6680,37
7150,37
5905,37
2957,37
2271,37
5141,37
8076,37
7055,37
7944,36
1926,36
3071,36
2834,36
2120,36
7293,36
4512,36
601,36
4306,36
3151,36
3450,36
8169,36
6782,36
6565,36
6827,36
7290,36
6914,36
8746,36
6686,36
7718,36
2237,36
1769,36
4299,36
8681,36
4249,36
7929,36
7133,36
2727,36
4799,36
8547,36
731,36
1718,36
355,36
5815,36
5653,36
8354,36
3239,36
4036,36
4645,36
7670,36
2492,36
2606,36
6629,36
6869,36
2909,36
8092,36
6490,36
6967,36
1731,36
7469,36
1940,36
8523,36
3743,36
3383,36
8758,36
6862,36
7084,36
3423,36
6459,36
2894,36
943,36
929,35
2705,35
1279,35
2811,35
7663,35
5841,35
959,35
1714,35
1999,35
3836,35
4248,35
1316,35
8388,35
1060,35
3890,35
5725,35
4203,35
8818,35
3372,35
1034,35
460,35
7471,35
1007,35
7886,35
5433,35
2264,35
6111,35
7867,35
824,35
8057,35
2168,35
4229,35
6658,35
2977,35
5232,35
3752,35
7250,35
4423,35
3439,35
6422,35
5511,35
7643,35
7793,35
8464,35
5004,35
7999,35
5351,35
8341,35
971,35
1353,35
362,35
2376,35
3986,35
859,35
5598,35
4958,35
5851,35
921,35
3074,35
4901,35
1406,35
7997,35
4056,34
5901,34
427,34
1806,34
7121,34
1710,34
4939,34
8180,34
6161,34
6576,34
416,34
6747,34
2379,34
6813,34
1984,34
7275,34
8117,34
4615,34
7186,34
8705,34
8697,34
8454,34
4550,34
3419,34
1610,34
159,34
860,34
3643,34
8326,34
7009,34
2032,34
8049,34
1566,34
4723,34
3537,34
419,34
6978,34
5350,34
6826,34
6266,34
284,34
5028,34
1879,34
3396,34
6297,34
3335,34
7850,34
3236,34
2144,34
7699,34
8323,34
5459,34
3727,34
7647,33
2873,33
7575,33
7117,33
8425,33
5357,33
1186,33
5868,33
4138,33
222,33
6480,33
6941,33
330,33
1635,33
5747,33
3017,33
6981,33
176,33
6253,33
2554,33
8426,33
7883,33
4402,33
4554,33
1531,33
4412,33
8462,33
3140,33
1578,33
8158,33
4379,33
7087,33
1382,33
6988,33
5878,33
3354,33
593,33
6985,33
8203,33
7432,33
780,33
5799,33
5214,33
5082,33
3500,33
7285,33
2065,33
6954,33
4297,33
428,33
3091,33
8850,33
2803,33
7768,33
2685,32
2331,32
7714,32
8217,32
5845,32
6174,32
6562,32
4586,32
1568,32
589,32
321,32
2159,32
6421,32
8162,32
4866,32
166,32
5750,32
3340,32
326,32
7119,32
5290,32
4067,32
6695,32
6936,32
5972,32
4292,32
7334,32
5701,32
5268,32
8564,32
1110,32
140,32
3919,32
2698,32
6056,32
8109,32
8437,32
6732,32
6644,32
4556,32
3593,32
409,32
8798,32
1432,32
2920,32
4252,32
3418,32
5192,32
290,32
7114,32
4268,32
1461,32
5025,32
7662,32
8475,32
3564,32
490,31
8176,31
6581,31
5009,31
1271,31
4096,31
2994,31
3967,31
408,31
2478,31
7741,31
3648,31
6491,31
1106,31
911,31
8461,31
3040,31
8640,31
2057,31
4439,31
4539,31
6500,31
2545,31
4998,31
5443,31
5647,31
4580,31
6441,31
5743,31
4062,31
68,31
4417,31
3998,31
6376,31
6462,31
8579,31
1947,31
6645,31
6544,31
2058,31
545,31
617,31
2737,31
4184,31
4897,31
5843,31
850,31
8304,31
675,31
3895,31
2838,31
3228,31
6263,31
4255,31
2268,31
8352,31
7006,31
5808,31
3288,31
1155,31
157,31
1832,31
8023,31
7702,30
5564,30
4855,30
2772,30
4166,30
1985,30
488,30
8119,30
5344,30
4629,30
8177,30
1286,30
4034,30
1030,30
6630,30
3273,30
7621,30
1368,30
6470,30
5043,30
3956,30
7522,30
3009,30
5560,30
2858,30
1978,30
3969,30
8728,30
4461,30
5431,30
2157,30
8847,30
3725,30
4966,30
5483,30
7530,30
5533,30
6463,30
1784,30
8566,30
6264,30
151,30
4588,30
7975,30
5558,30
2016,30
3922,30
3414,30
2015,30
224,30
7271,30
1422,30
6835,30
523,30
3536,30
6413,30
6476,30
628,30
5976,30
6095,30
5748,30
6237,30
202,30
7116,30
4008,30
8568,30
5119,30
1965,30
8810,30
2792,30
3465,30
3631,30
7249,30
5500,30
5865,30
4302,30
960,29
1881,29
6531,29
1393,29
7261,29
865,29
6402,29
701,29
2337,29
6036,29
3661,29
6639,29
7993,29
8012,29
337,29
1755,29
4350,29
18,29
6736,29
4519,29
6529,29
3202,29
6646,29
4747,29
1308,29
1673,29
6094,29
5970,29
5771,29
3808,29
2699,29
2414,29
4947,29
4395,29
4226,29
6971,29
1391,29
6919,29
8522,29
6949,29
7729,29
719,29
8753,29
3113,29
7287,29
8147,29
888,29
6010,29
1397,29
7172,29
261,29
2141,29
1016,29
4714,29
7898,29
5197,29
189,29
1183,29
3203,29
302,29
2670,29
5798,29
94,29
4210,29
8035,29
7830,29
2566,29
7130,29
2110,29
6541,29
7875,29
8766,29
573,29
6302,29
979,29
3015,29
2707,29
3874,29
988,29
557,29
4776,29
6518,29
1647,29
2954,29
1149,28
4241,28
1876,28
8149,28
3323,28
146,28
2390,28
6570,28
7853,28
3992,28
7740,28
5146,28
750,28
4657,28
8514,28
6953,28
6916,28
7361,28
8449,28
195,28
1939,28
3102,28
5852,28
8852,28
5562,28
6889,28
6171,28
926,28
7526,28
3829,28
3162,28
8241,28
4769,28
3645,28
6072,28
6271,28
900,28
5549,28
3622,28
3569,28
3007,28
5551,28
1058,28
1235,28
3667,28
8167,28
270,28
147,28
8769,28
1132,28
3981,28
4281,28
1849,28
506,28
220,28
1861,28
6939,28
8703,28
6287,28
4514,28
8040,28
4900,28
1969,28
6846,28
4607,28
4278,28
4711,28
6005,28
1862,28
4103,28
7164,28
3850,28
502,28
2134,28
2980,28
7272,28
6855,28
8235,28
6933,28
3918,28
540,28
4328,28
8494,28
518,28
289,28
8807,27
1185,27
1679,27
4941,27
7148,27
7407,27
4190,27
7322,27
5702,27
2926,27
6727,27
480,27
5728,27
4690,27
3032,27
4348,27
1165,27
4219,27
1363,27
3311,27
4777,27
5640,27
3654,27
3711,27
2211,27
1816,27
6554,27
2187,27
2127,27
4902,27
6980,27
7246,27
3563,27
1297,27
6802,27
2538,27
8368,27
5081,27
527,27
3008,27
3675,27
2488,27
6975,27
1826,27
8141,27
4033,27
6759,27
6968,27
3608,27
2846,27
7305,27
6804,27
4273,27
752,27
3993,27
8679,27
7747,27
7943,27
57,27
2295,27
4209,27
5182,27
4428,27
956,27
5210,27
1741,27
5467,27
396,27
2472,27
6601,27
5925,27
6612,27
6048,27
6934,27
1423,27
530,27
6192,27
3574,27
1081,27
1799,27
4154,27
6780,27
6216,27
6643,27
3523,27
5916,27
7269,27
1346,27
1087,27
3286,27
6079,27
6366,27
5960,27
7705,27
1492,27
346,27
3698,27
1952,27
5440,27
3444,26
4139,26
2629,26
788,26
5019,26
5109,26
7658,26
3746,26
6097,26
2388,26
3902,26
3370,26
2956,26
3348,26
6666,26
7081,26
5572,26
747,26
948,26
1126,26
3233,26
1506,26
6487,26
8772,26
2601,26
6312,26
4609,26
2143,26
347,26
1931,26
8225,26
4823,26
1621,26
368,26
1521,26
5169,26
7497,26
2701,26
3763,26
3851,26
245,26
4873,26
952,26
1975,26
4969,26
2656,26
3205,26
882,26
5619,26
3050,26
7443,26
1095,26
4124,26
1201,26
4312,26
4907,26
5098,26
1821,26
14,26
8845,26
7467,26
7906,26
7242,26
7353,26
5918,26
718,26
2378,26
4867,26
296,26
1785,26
5816,26
3996,26
7611,26
7556,26
7759,26
440,26
5987,26
746,26
4796,26
6449,26
2594,26
6633,26
259,26
7861,26
6327,26
927,26
4730,26
1436,26
6233,26
3814,26
6039,26
2716,26
275,25
2321,25
3534,25
6002,25
6809,25
2346,25
6938,25
4477,25
5917,25
736,25
571,25
1025,25
1351,25
3307,25
5584,25
3408,25
6257,25
8045,25
6536,25
2620,25
8819,25
2183,25
8576,25
7057,25
2025,25
3065,25
5250,25
4201,25
4237,25
901,25
5902,25
1197,25
242,25
196,25
2815,25
2460,25
436,25
2761,25
6796,25
2270,25
5044,25
1747,25
3163,25
8042,25
3160,25
3052,25
4068,25
5368,25
646,25
7216,25
3497,25
5626,25
6647,25
4168,25
6322,25
1442,25
607,25
2918,25
6834,25
1274,25
7480,25
1450,25
8202,25
6367,25
5002,25
3443,25
549,25
8646,25
2396,25
2246,25
945,25
2535,25
7035,25
1730,25
7519,25
3365,25
2757,25
6874,25
1153,25
1347,25
577,25
1971,25
23,25
5276,25
8301,25
449,25
6129,25
8400,25
3620,25
1706,25
7135,25
1808,25
2071,25
756,25
962,25
3377,25
2114,25
2102,25
7494,25
8519,25
6856,24
5434,24
4627,24
3575,24
7355,24
2253,24
7226,24
104,24
37,24
1226,24
2523,24
5235,24
5149,24
7498,24
5957,24
3250,24
8506,24
2974,24
6342,24
704,24
7210,24
2998,24
3528,24
8620,24
5546,24
2170,24
4558,24
3670,24
3279,24
7618,24
5694,24
6580,24
4957,24
7578,24
5204,24
7742,24
7139,24
7767,24
1366,24
2256,24
637,24
4956,24
2916,24
4669,24
3224,24
4674,24
764,24
379,24
6295,24
2658,24
3428,24
2313,24
371,24
2802,24
425,24
7431,24
2304,24
1763,24
3701,24
7947,24
4858,24
389,24
7988,24
8168,24
2808,24
7412,24
6003,24
1444,24
4080,24
1680,24
3159,24
421,24
3034,24
1907,24
5370,24
4984,24
8429,24
8765,24
4697,24
3416,24
8002,23
8361,23
8606,23
8385,23
5628,23
154,23
5757,23
8205,23
4355,23
21,23
6298,23
7265,23
2809,23
662,23
8041,23
4531,23
8036,23
6922,23
3198,23
6751,23
4702,23
8303,23
4602,23
5810,23
2415,23
1739,23
4706,23
3216,23
1439,23
1267,23
6571,23
7386,23
8413,23
3088,23
1449,23
3680,23
8839,23
2475,23
4386,23
5658,23
3970,23
4456,23
6799,23
1736,23
7459,23
1378,23
8448,23
1748,23
6702,23
327,23
2607,23
2509,23
2529,23
6231,23
5513,23
5922,23
7790,23
276,23
2781,23
861,23
3647,23
4086,23
6928,23
1599,23
345,23
299,23
4388,23
6845,23
1291,23
4623,23
7171,23
1964,23
2989,23
3988,23
6884,23
1137,23
8024,23
7020,23
1649,23
2210,23
1759,23
2871,23
8376,23
1415,23
4613,23
1844,23
6960,23
5499,23
4061,23
445,23
3425,23
7703,23
6083,23
3731,23
3781,23
1855,23
2706,23
8052,23
3473,23
5973,23
2827,23
4498,23
1089,23
6188,23
1729,23
6246,22
1967,22
2425,22
8502,22
5921,22
5826,22
6520,22
3054,22
8801,22
2028,22
4322,22
5418,22
7248,22
7807,22
3481,22
7311,22
1425,22
6663,22
1956,22
7800,22
7802,22
8573,22
7028,22
1017,22
3149,22
7253,22
1539,22
6158,22
2041,22
7349,22
2672,22
3949,22
5729,22
3322,22
8060,22
1583,22
3223,22
7137,22
4825,22
2367,22
3835,22
4167,22
991,22
6460,22
4647,22
5395,22
3331,22
1682,22
7511,22
8073,22
505,22
350,22
8299,22
4305,22
4361,22
8155,22
2498,22
6209,22
1581,22
8761,22
1192,22
3734,22
8643,22
6716,22
2602,22
1122,22
5275,22
6815,22
773,22
469,22
5369,22
6477,22
2363,22
3005,22
8752,22
3161,22
8785,22
1565,22
8520,22
8554,22
8067,22
1357,22
5096,22
1147,22
2965,22
1795,22
5071,22
1490,22
6356,22
3664,22
4561,22
2769,22
1686,22
4905,22
7203,21
162,21
7870,21
7628,21
3259,21
8145,21
1184,21
2429,21
1018,21
1822,21
3099,21
5505,21
3410,21
4488,21
2078,21
7901,21
2091,21
2216,21
1172,21
2031,21
4928,21
4465,21
7576,21
4066,21
1064,21
3378,21
4510,21
4087,21
7995,21
5480,21
308,21
3579,21
1040,21
5050,21
4814,21
8339,21
6167,21
6254,21
5105,21
3063,21
965,21
2572,21
2394,21
1508,21
2083,21
1142,21
7617,21
7159,21
6522,21
7540,21
3011,21
2054,21
3229,21
1468,21
1356,21
6026,21
1240,21
7378,21
7829,21
8046,21
8401,21
269,21
7022,21
4639,21
5649,21
567,21
3639,21
3959,21
5753,21
2123,21
902,21
2117,21
2665,21
8854,21
3328,21
5675,21
7383,21
1281,21
6201,21
210,21
602,21
624,21
5374,21
2679,21
570,21
7730,21
2317,21
2234,21
2332,21
7026,21
2147,21
930,21
1963,21
279,21
7372,21
2131,21
4779,21
47,21
6995,21
1954,21
4944,21
6881,20
1586,20
6358,20
8337,20
3018,20
4865,20
1383,20
2865,20
5189,20
8486,20
849,20
7317,20
5715,20
6506,20
214,20
7821,20
4529,20
7112,20
1313,20
4522,20
8075,20
1692,20
4121,20
1123,20
4259,20
5582,20
6035,20
1482,20
7005,20
1233,20
3137,20
1074,20
2717,20
7439,20
4551,20
3572,20
3385,20
155,20
1842,20
6595,20
3111,20
659,20
3758,20
3571,20
1903,20
1929,20
6589,20
3516,20
4598,20
8507,20
1493,20
8344,20
3609,20
285,20
3496,20
3547,20
7810,20
8382,20
1075,20
1299,20
7720,20
4422,20
8741,20
5501,20
8604,20
5112,20
8562,20
6932,20
5508,20
2684,20
403,20
7105,20
4713,20
8325,20
5820,20
5844,20
2055,20
6331,20
6382,20
2534,20
4704,20
4464,20
1438,20
8197,20
835,20
5997,20
3049,20
53,20
8370,20
291,20
131,20
3131,20
8799,20
6567,20
735,20
1077,20
5021,20
1107,20
5927,20
5955,20
6621,20
4337,20
3486,20
3964,20
5496,20
1510,19
914,19
4129,19
853,19
3924,19
5581,19
7915,19
8739,19
3395,19
4205,19
923,19
5064,19
5012,19
1761,19
3275,19
3021,19
6479,19
5599,19
7283,19
8759,19
8659,19
3133,19
857,19
7267,19
3629,19
6973,19
5398,19
205,19
2516,19
4773,19
199,19
61,19
7899,19
5850,19
700,19
1092,19
1883,19
7392,19
6128,19
2457,19
3854,19
3445,19
1828,19
8420,19
4339,19
1897,19
4238,19
7389,19
7039,19
3852,19
7183,19
2828,19
6556,19
7151,19
3290,19
6517,19
6283,19
3881,19
7546,19
6772,19
1651,19
7166,19
8191,19
2845,19
2674,19
1026,19
5252,19
7549,19
4089,19
7400,19
3469,19
7971,19
7156,19
2682,19
1813,19
3153,19
1002,19
5133,19
5283,19
1607,19
4854,19
1181,19
3733,19
3651,19
8346,19
3824,19
7623,19
453,19
5699,19
1843,19
4850,19
8030,19
7919,19
6408,19
2794,19
4841,19
462,19
3333,19
4450,19
774,19
4752,19
8796,19
3145,19
2646,19
8621,19
4692,19
2301,19
8791,19
6952,19
8336,19
4961,19
8842,19
3884,19
7607,19
8163,19
6904,19
256,19
3728,19
4094,19
7916,19
1724,19
5312,19
687,19
4027,19
5419,19
7887,19
928,19
2087,19
7079,19
5162,19
7696,19
1324,19
7694,19
4786,19
4401,19
6848,19
7096,19
3756,19
8290,19
4780,19
8389,19
7885,19
2771,19
3780,19
7891,19
1958,19
4804,19
6198,19
8648,18
2003,18
3189,18
465,18
6516,18
1162,18
1292,18
63,18
27,18
7737,18
1109,18
206,18
4024,18
5051,18
8222,18
4104,18
6349,18
6220,18
4646,18
8814,18
7001,18
6308,18
885,18
5794,18
5650,18
8248,18
7368,18
204,18
4619,18
4335,18
4795,18
7691,18
5911,18
6521,18
1642,18
7728,18
671,18
313,18
2718,18
6667,18
7709,18
8249,18
5384,18
3590,18
5687,18
8423,18
743,18
6191,18
7697,18
5460,18
5722,18
1093,18
6018,18
8778,18
5308,18
1145,18
8625,18
7590,18
422,18
7681,18
1798,18
7525,18
1457,18
6579,18
160,18
3252,18
8787,18
2172,18
8789,18
5929,18
430,18
3723,18
5264,18
8285,18
5550,18
7142,18
4526,18
2139,18
3329,18
6013,18
1864,18
613,18
1287,18
5780,18
4381,18
2150,18
4135,18
7513,18
7388,18
5381,18
6898,18
6599,18
4054,18
4848,18
7131,18
5405,18
8232,18
3261,18
6903,18
1203,18
6588,18
6339,18
8781,18
106,18
6654,18
7966,18
7332,18
504,18
3748,18
8198,18
7303,18
4651,18
1989,18
7111,18
4831,18
8714,18
8192,18
394,18
2374,18
7070,18
2366,18
5597,18
919,18
6824,18
6773,18
4286,18
7563,18
6469,18
4587,18
5514,18
5221,18
7075,18
5230,18
3266,18
3012,18
3796,18
3304,18
3696,18
3702,18
7223,18
3,18
2748,18
3464,18
6417,18
834,18
3700,18
2542,18
7175,18
2282,18
3206,18
3565,18
7068,18
4826,18
6314,17
240,17
5128,17
5988,17
7543,17
2890,17
3603,17
4960,17
6286,17
4212,17
992,17
2192,17
3530,17
3201,17
3282,17
2207,17
4810,17
3798,17
4508,17
953,17
591,17
8650,17
2960,17
7292,17
226,17
1010,17
866,17
4628,17
7695,17
3026,17
2651,17
4535,17
1280,17
4625,17
4319,17
6893,17
6341,17
4449,17
4143,17
2008,17
6720,17
1871,17
2598,17
8062,17
2044,17
4353,17
5026,17
2887,17
6748,17
6015,17
2327,17
1737,17
3092,17
5633,17
3006,17
6384,17
2082,17
6906,17
6961,17
4218,17
2953,17
6519,17
5760,17
2505,17
4075,17
5277,17
3174,17
2193,17
2416,17
3244,17
2940,17
6850,17
6028,17
3110,17
2801,17
2311,17
8624,17
1451,17
3095,17
7047,17
2079,17
1867,17
1922,17
4398,17
1756,17
3448,17
5544,17
98,17
4038,17
7173,17
6741,17
3740,17
8725,17
3843,17
4631,17
6578,17
8229,17
8658,17
2671,17
8581,17
7496,17
791,17
4492,17
4182,17
8809,17
4015,17
5768,17
8010,17
172,17
7854,17
4411,17
6310,17
3470,17
5455,17
271,17
3693,17
3704,17
2773,17
2905,17
2720,17
3004,17
4227,17
6945,17
5216,17
4112,17
3953,17
3705,17
550,17
4216,17
1671,17
4133,17
2086,17
3129,17
8215,17
765,17
5492,17
3738,17
3600,17
6374,17
4886,17
1760,17
8424,17
7878,17
7200,17
4842,17
5770,17
5390,17
2785,17
5451,17
8680,16
6119,16
5469,16
5219,16
1312,16
839,16
4794,16
5375,16
4650,16
516,16
181,16
4416,16
4817,16
7365,16
3914,16
8727,16
7451,16
880,16
4023,16
1459,16
7876,16
2951,16
5267,16
8788,16
6656,16
8797,16
6357,16
8626,16
3118,16
4463,16
3047,16
1195,16
8170,16
5421,16
6909,16
3583,16
2326,16
2201,16
45,16
7238,16
2364,16
5245,16
1617,16
4701,16
1071,16
7610,16
8709,16
6113,16
5137,16
2116,16
2014,16
8379,16
3319,16
8313,16
995,16
6217,16
5635,16
2307,16
4289,16
5842,16
2252,16
272,16
7255,16
879,16
2796,16
6063,16
1827,16
2853,16
1207,16
8762,16
3297,16
7918,16
8223,16
697,16
3908,16
1212,16
5854,16
8220,16
7567,16
6617,16
1563,16
8228,16
5900,16
2553,16
4621,16
5733,16
8194,16
4840,16
1641,16
1912,16
6282,16
3946,16
6944,16
6660,16
1906,16
7668,16
2851,16
2280,16
6842,16
4045,16
6940,16
616,16
667,16
4899,16
1105,16
5951,16
7749,16
1542,16
7032,16
6758,16
8187,16
5793,16
1722,16
1100,16
381,16
4303,16
6818,16
6301,16
6069,16
2626,16
66,16
8029,16
5861,16
782,16
2140,16
8406,16
5488,16
5279,16
2628,16
581,16
1332,16
7266,16
6127,16
2497,16
6323,16
4887,16
5286,16
2527,16
8172,16
3557,16
5358,16
7188,16
862,16
3775,16
5448,16
5656,16
1591,16
2768,16
4659,16
848,16
2608,16
1509,16
538,16
1319,16
5251,16
4046,16
4141,16
3594,16
2353,15
1024,15
2121,15
300,15
5761,15
2427,15
1421,15
7544,15
7014,15
5110,15
1409,15
8166,15
2445,15
8623,15
3196,15
7163,15
7268,15
1275,15
4479,15
238,15
7299,15
1400,15
5735,15
7946,15
5198,15
5745,15
5539,15
5367,15
4108,15
7773,15
3962,15
2921,15
7240,15
8490,15
2190,15
6755,15
6159,15
7537,15
8418,15
7583,15
4707,15
2152,15
4504,15
6008,15
424,15
2026,15
387,15
3455,15
2986,15
5895,15
365,15
227,15
5521,15
937,15
5540,15
301,15
1389,15
2560,15
7296,15
3463,15
7033,15
4177,15
8792,15
4081,15
3677,15
5827,15
2486,15
3842,15
745,15
6883,15
3030,15
3001,15
2377,15
2790,15
3334,15
7839,15
283,15
2217,15
2006,15
6596,15
3105,15
5445,15
2526,15
6608,15
5950,15
100,15
2312,15
4365,15
3098,15
2799,15
2512,15
6911,15
6860,15
5882,15
7753,15
4042,15
8484,15
1046,15
3615,15
8154,15
5873,15
712,15
8634,15
22,15
6457,15
2590,15
7050,15
6332,15
1496,15
5680,15
8210,15
6181,15
8451,15
2517,15
107,15
1338,15
163,15
5159,15
8763,15
4934,15
6396,15
4069,15
2589,15
5604,15
8358,15
6077,15
8306,15
2406,15
2640,15
8463,15
4525,15
7762,15
2728,15
7822,15
6979,15
7890,15
7855,15
26,15
4418,15
5231,15
2228,15
1230,15
3134,15
1059,15
8007,15
4144,15
6307,15
6242,15
5984,15
6354,15
2482,15
912,15
4374,15
3926,15
1042,15
3820,15
7877,15
169,15
3194,15
5317,15
4164,15
6853,15
1594,14
7437,14
377,14
1661,14
1845,14
1428,14
3135,14
635,14
2588,14
3930,14
1358,14
1525,14
8300,14
6350,14
2132,14
6712,14
6051,14
1589,14
569,14
6709,14
5391,14
4802,14
2795,14
4333,14
228,14
6812,14
3566,14
4927,14
3749,14
966,14
2276,14
2531,14
5060,14
324,14
8252,14
6203,14
5255,14
7371,14
4818,14
2439,14
7338,14
7637,14
2178,14
7660,14
8518,14
7277,14
5506,14
4820,14
832,14
1,14
6870,14
6632,14
8294,14
2596,14
7888,14
2161,14
4774,14
3399,14
1823,14
5287,14
529,14
3405,14
1307,14
7791,14
4729,14
3256,14
562,14
6705,14
1355,14
2839,14
1251,14
5324,14
5595,14
7708,14
3157,14
560,14
1082,14
8139,14
4368,14
2751,14
544,14
6226,14
1258,14
3347,14
3617,14
4655,14
6452,14
8827,14
4724,14
2641,14
3427,14
5724,14
7521,14
7945,14
3147,14
5476,14
1782,14
4448,14
3036,14
6962,14
693,14
1625,14
658,14
8704,14
3657,14
3972,14
5897,14
1099,14
6289,14
8066,14
2633,14
8855,14
3767,14
7609,14
7376,14
4397,14
3719,14
7527,14
5930,14
8414,14
5478,14
1534,14
248,14
3726,14
2915,14
8443,14
2653,14
1178,14
1628,14
2489,14
3783,14
6560,14
1329,14
4994,14
2203,14
946,14
8350,14
4868,14
2584,14
8696,14
4458,14
6125,14
2958,14
982,14
3057,14
3380,14
8014,14
6951,14
1869,14
3433,14
6261,14
139,14
1328,14
5494,14
2298,14
639,14
5833,14
459,14
4391,14
8557,14
7423,14
8803,14
1595,14
4688,14
1670,14
5092,14
5763,14
8160,14
5629,14
2458,14
5465,14
5980,14
4357,14
2481,14
8371,14
8078,14
6324,14
7596,14
364,14
4851,14
4440,14
5716,14
4993,14
8367,13
1027,13
6162,13
8196,13
8447,13
4414,13
1133,13
3436,13
5229,13
6177,13
7364,13
8279,13
1272,13
358,13
34,13
5372,13
1239,13
8442,13
3393,13
3260,13
8334,13
7493,13
6334,13
6494,13
8273,13
7205,13
7280,13
8537,13
5380,13
1265,13
5498,13
6523,13
5296,13
1085,13
7455,13
4469,13
5226,13
4410,13
7508,13
3078,13
8374,13
268,13
2176,13
2386,13
7454,13
6370,13
138,13
2208,13
1070,13
7518,13
3277,13
6214,13
6433,13
7402,13
5427,13
5355,13
33,13
1380,13
36,13
5154,13
4387,13
2266,13
1151,13
6335,13
1375,13
3263,13
5142,13
4183,13
6309,13
6172,13
6240,13
307,13
4285,13
7424,13
7545,13
4147,13
3345,13
2049,13
2466,13
4010,13
1930,13
5848,13
2562,13
8664,13
6555,13
4506,13
7766,13
7865,13
7973,13
5674,13
8072,13
553,13
5943,13
6042,13
5592,13
443,13
4717,13
455,13
3819,13
6958,13
3801,13
6819,13
2978,13
7731,13
2996,13
4032,13
7815,13
7659,13
8084,13
6100,13
3805,13
3859,13
7685,13
6929,13
4829,13
1802,13
1445,13
535,13
1801,13
673,13
6040,13
973,13
7118,13
7138,13
3896,13
614,13
3613,13
934,13
8672,13
823,13
2464,13
8182,13
975,13
7775,13
2788,13
5894,13
8114,13
7627,13
5108,13
1691,13
8841,13
1543,13
7653,13
454,13
3020,13
4585,13
4898,13
684,13
1489,13
6023,13
749,13
5622,13
6142,13
500,13
660,13
3055,13
5992,13
2798,13
990,13
5754,13
8164,13
2695,13
4547,13
1779,13
6641,13
7061,13
690,13
4755,13
5504,13
3867,13
7634,13
1660,13
1592,13
3724,13
6104,13
3931,13
5561,13
3788,13
5933,13
993,12
2924,12
1532,12
6456,12
890,12
1204,12
8715,12
7677,12
5471,12
3369,12
5103,12
6636,12
5129,12
6942,12
8503,12
4283,12
3598,12
4892,12
1757,12
2888,12
6584,12
2137,12
1957,12
142,12
4231,12
1372,12
4390,12
721,12
6974,12
5758,12
8102,12
893,12
4601,12
1348,12
2847,12
4457,12
1252,12
2385,12
2265,12
2546,12
2354,12
2502,12
7956,12
1131,12
4889,12
4204,12
6488,12
827,12
311,12
4157,12
8684,12
438,12
4754,12
636,12
6590,12
1937,12
8826,12
2841,12
1008,12
5079,12
494,12
493,12
8631,12
7789,12
2097,12
887,12
4058,12
3059,12
5173,12
6249,12
5989,12
5636,12
6041,12
432,12
7806,12
6586,12
801,12
4078,12
2715,12
1478,12
3207,12
5167,12
7813,12
6986,12
4952,12
5801,12
378,12
7140,12
197,12
1983,12
8026,12
1786,12
5052,12
2447,12
121,12
5272,12
7736,12
1420,12
590,12
7734,12
7735,12
4997,12
5454,12
7570,12
7880,12
6299,12
4496,12
1878,12
5682,12
4863,12
1618,12
1987,12
2323,12
3120,12
8009,12
8373,12
1019,12
4684,12
5676,12
7326,12
1955,12
2515,12
8190,12
8768,12
757,12
5458,12
6788,12
4028,12
8086,12
8347,12
1062,12
119,12
8121,12
881,12
1414,12
8774,12
4681,12
5705,12
1925,12
686,12
8307,12
7004,12
6723,12
575,12
3068,12
8356,12
1717,12
334,12
4020,12
7062,12
7217,12
1174,12
6992,12
3474,12
1699,12
5526,12
5401,12
7031,12
3548,12
7157,12
6557,12
6989,12
5406,12
5323,12
1392,12
5577,12
7227,12
1970,12
3186,12
217,12
6786,12
145,12
7059,12
5244,12
7197,12
5856,12
2892,12
2787,12
1098,12
6626,12
5000,12
4553,12
3121,12
4642,12
7180,12
2942,12
7088,12
2381,12
5678,12
5088,12
8171,12
7202,12
8091,12
278,12
5890,12
2945,12
2819,12
5665,12
4699,12
6821,12
6110,12
7770,12
8132,12
1701,12
4505,12
1723,12
895,12
8524,11
225,11
807,11
1833,11
4564,11
7288,11
1354,11
645,11
2375,11
7484,11
3397,11
2537,11
3713,11
2766,11
3955,11
634,11
3556,11
6465,11
2543,11
1835,11
6464,11
6272,11
7937,11
2814,11
1988,11
73,11
1770,11
3624,11
597,11
6087,11
4247,11
4131,11
8446,11
3672,11
5392,11
5720,11
5365,11
4637,11
8730,11
969,11
5893,11
3846,11
2212,11
606,11
4263,11
1582,11
3839,11
7665,11
6078,11
1608,11
8227,11
4253,11
1780,11
3828,11
6899,11
8116,11
1602,11
5698,11
5386,11
5692,11
2611,11
6717,11
759,11
8125,11
2088,11
4134,11
762,11
6895,11
7756,11
3225,11
5153,11
8137,11
972,11
2090,11
1334,11
3694,11
8821,11
627,11
2356,11
8148,11
8079,11
1333,11
909,11
985,11
1255,11
4726,11
533,11
8153,11
2551,11
7396,11
231,11
1820,11
3303,11
7482,11
1746,11
4816,11
4819,11
5076,11
5741,11
7214,11
235,11
1556,11
8720,11
2291,11
3212,11
2577,11
8802,11
1318,11
5262,11
5903,11
4876,11
1639,11
3368,11
4049,11
784,11
8115,11
2991,11
6930,11
8489,11
6281,11
6221,11
1536,11
7688,11
1094,11
2719,11
650,11
8609,11
845,11
8608,11
8398,11
7532,11
6563,11
6156,11
6798,11
1210,11
4811,11
3272,11
8540,11
5781,11
101,11
653,11
2148,11
5529,11
64,11
6150,11
6256,11
1702,11
8019,11
5495,11
8530,11
5217,11
1429,11
4503,11
1719,11
3938,11
2760,11
6258,11
6984,11
2708,11
8637,11
6976,11
11,11
3429,11
5786,11
4105,11
3181,11
8001,11
5008,11
1949,11
2033,11
4301,11
353,11
3180,11
2412,11
4971,11
4110,11
3422,11
5011,11
62,11
1228,11
2411,11
6126,11
426,11
3125,11
8392,11
1031,11
7595,11
7387,11
3784,11
3535,11
3787,11
5765,11
7002,11
3950,11
7635,11
1886,11
2,11
2023,11
6236,11
716,11
4562,11
1419,11
3167,11
8028,11
4153,11
190,11
6239,11
1404,11
1486,11
4954,11
399,11
393,11
5523,11
6838,10
3804,10
5416,10
1643,10
7463,10
258,10
1384,10
5790,10
6766,10
2001,10
4985,10
4362,10
3911,10
6673,10
2750,10
1974,10
4520,10
363,10
2830,10
2624,10
7356,10
7230,10
4877,10
4106,10
2077,10
5069,10
4938,10
4990,10
2111,10
6222,10
3097,10
7430,10
184,10
3254,10
4359,10
8189,10
4095,10
4790,10
2800,10
7558,10
8150,10
2355,10
8698,10
7554,10
1330,10
8780,10
1895,10
5510,10
580,10
8618,10
8578,10
3373,10
6507,10
2310,10
6411,10
733,10
1161,10
359,10
6661,10
7859,10
4396,10
5638,10
433,10
6169,10
2350,10
8233,10
980,10
7778,10
748,10
4261,10
5061,10
2816,10
2966,10
5046,10
8467,10
2249,10
568,10
6891,10
6427,10
2122,10
2791,10
4836,10
1273,10
1572,10
5528,10
1124,10
8289,10
5208,10
4501,10
2600,10
7542,10
152,10
6706,10
2612,10
5812,10
7258,10
1113,10
6841,10
8458,10
556,10
8440,10
5684,10
1921,10
8338,10
763,10
5280,10
2444,10
2213,10
5889,10
8015,10
8195,10
2250,10
1268,10
3935,10
1559,10
3759,10
691,10
6564,10
856,10
3100,10
609,10
841,10
3132,10
8331,10
8487,10
6291,10
2587,10
8779,10
5857,10
5016,10
32,10
7715,10
8031,10
1225,10
7942,10
5055,10
7102,10
2315,10
5711,10
5178,10
6837,10
7774,10
6847,10
1112,10
3978,10
8096,10
3691,10
2860,10
7512,10
2013,10
3712,10
8362,10
7645,10
1076,10
3870,10
7399,10
4592,10
1135,10
7964,10
2859,10
6593,10
6793,10
2096,10
4895,10
3521,10
3154,10
6160,10
2029,10
6252,10
476,10
5024,10
4424,10
4274,10
6972,10
3249,10
5335,10
1935,10
4578,10
4221,10
2875,10
344,10
7972,10
5442,10
1152,10
4920,10
3087,10
4000,10
1507,10
4548,10
3415,10
5187,10
5600,10
2683,10
319,10
8687,10
325,10
7656,10
5007,10
8054,10
3875,10
8247,10
8311,10
1659,10
6598,10
84,10
2181,10
6622,10
338,10
8822,10
5031,10
2928,10
987,10
816,10
8214,10
331,10
7289,10
8548,10
8689,10
1359,10
5196,10
2510,10
2010,10
354,10
4162,10
708,10
54,10
5453,10
7329,9
7251,9
7044,9
6820,9
4372,9
4946,9
7938,9
2040,9
8833,9
8677,9
1407,9
38,9
5278,9
4072,9
481,9
7548,9
2324,9
374,9
6697,9
7510,9
118,9
2325,9
8515,9
641,9
4843,9
1408,9
1144,9
5093,9
5661,9
3484,9
1249,9
8740,9
4065,9
1479,9
6074,9
282,9
6425,9
2856,9
5835,9
5305,9
3190,9
3937,9
1624,9
7500,9
2948,9
4347,9
7507,9
1171,9
651,9
7281,9
7764,9
4915,9
1022,9
6482,9
7991,9
2459,9
6213,9
1838,9
5679,9
8593,9
7073,9
5056,9
6364,9
1587,9
5450,9
1176,9
2448,9
1401,9
1114,9
7323,9
8268,9
153,9
565,9
6219,9
4737,9
6474,9
8757,9
1787,9
7928,9
7433,9
1290,9
2617,9
8671,9
5519,9
474,9
7504,9
5883,9
4478,9
5583,9
6017,9
5176,9
1295,9
5721,9
7760,9
339,9
7726,9
1668,9
3991,9
558,9
99,9
5931,9
810,9
6305,9
6037,9
5095,9
8453,9
3010,9
221,9
4192,9
2300,9
7360,9
253,9
2431,9
766,9
7912,9
4474,9
1277,9
1986,9
5316,9
6410,9
1773,9
198,9
177,9
2911,9
8237,9
3845,9
128,9
4967,9
8328,9
7123,9
1694,9
2100,9
7187,9
5738,9
7466,9
2992,9
5020,9
6493,9
5227,9
6931,9
944,9
7256,9
2034,9
8083,9
1549,9
5993,9
5642,9
3742,9
2214,9
6438,9
5569,9
4624,9
167,9
2721,9
1894,9
1758,9
4879,9
3435,9
4446,9
8622,9
4047,9
935,9
5161,9
1050,9
6319,9
2413,9
2776,9
7377,9
3577,9
6583,9
7675,9
7608,9
8404,9
4052,9
3255,9
7674,9
2710,9
8082,9
4277,9
509,9
5473,9
4800,9
8630,9
5621,9
3124,9
7952,9
2770,9
5637,9
8635,9
2155,9
1645,9
5254,9
4235,9
3179,9
3963,9
907,9
3774,9
3209,9
5959,9
3587,9
2779,9
1634,9
3943,9
1189,9
6108,9
8732,9
4632,9
3915,9
7585,9
654,9
1561,9
2583,9
5652,9
7701,9
3745,9
870,9
1167,9
6823,9
3606,9
489,9
1344,9
4943,9
8735,9
1103,9
5260,9
7394,9
5532,9
1511,9
1315,9
1227,9
5266,9
6157,9
4751,9
6166,9
4896,9
2581,9
7393,9
7413,8
2983,8
1088,8
6840,8
8103,8
5759,8
1211,8
5804,8
7083,8
2209,8
1684,8
5784,8
2962,8
8794,8
7239,8
5834,8
2972,8
4019,8
8397,8
2218,8
7755,8
6875,8
5164,8
4025,8
6833,8
7379,8
4341,8
2775,8
932,8
5838,8
2108,8
3247,8
5300,8
6353,8
6867,8
4803,8
6745,8
1245,8
3127,8
4329,8
751,8
4330,8
5309,8
2297,8
942,8
6774,8
7804,8
682,8
4745,8
3314,8
702,8
8381,8
52,8
6771,8
3687,8
1705,8
5185,8
2964,8
1658,8
8830,8
6387,8
1703,8
3238,8
1664,8
7208,8
3685,8
1743,8
1633,8
1084,8
2704,8
2745,8
7410,8
7826,8
8836,8
4715,8
2959,8
3739,8
4806,8
6200,8
1934,8
7053,8
7879,8
188,8
4336,8
2639,8
3703,8
7406,8
7344,8
1246,8
3115,8
4718,8
1196,8
6890,8
3671,8
8838,8
4744,8
3327,8
7765,8
910,8
8432,8
7873,8
2826,8
1458,8
4978,8
4109,8
2163,8
8617,8
1053,8
4878,8
29,8
3910,8
1129,8
1555,8
8652,8
6672,8
5648,8
4409,8
7620,8
4593,8
8302,8
1130,8
2343,8
8329,8
8628,8
1551,8
1032,8
5151,8
3361,8
2335,8
4871,8
5220,8
1918,8
7710,8
491,8
6687,8
8175,8
8219,8
1140,8
5898,8
7707,8
7485,8
802,8
8044,8
5148,8
1562,8
30,8
1365,8
6682,8
2927,8
8483,8
5432,8
5644,8
7475,8
787,8
452,8
1901,8
1327,8
789,8
8498,8
8708,8
7478,8
2552,8
8151,8
2030,8
3945,8
6276,8
4890,8
1470,8
5631,8
6495,8
349,8
6655,8
2557,8
6444,8
6651,8
7145,8
2884,8
3083,8
5617,8
5944,8
1548,8
7192,8
2938,8
1546,8
8152,8
3371,8
2063,8
2351,8
977,8
5464,8
1465,8
5072,8
1819,8
5422,8
4175,8
3524,8
1911,8
3016,8
8611,8
1890,8
8460,8
2812,8
8657,8
2528,8
6268,8
5603,8
2451,8
6625,8
4653,8
482,8
8470,8
964,8
578,8
4429,8
8744,8
6293,8
4092,8
333,8
7935,8
2904,8
4187,8
7040,8
5118,8
156,8
4668,8
1502,8
5877,8
7167,8
3642,8
3227,8
3640,8
761,8
3108,8
1504,8
5058,8
8571,8
3837,8
7103,8
812,8
6138,8
7264,8
407,8
3197,8
3409,8
5156,8
2597,8
6912,8
3000,8
3392,8
332,8
8319,8
864,8
2038,8
1512,8
415,8
8478,8
417,8
584,8
5485,8
6275,8
1304,8
5670,8
6526,8
6234,8
5932,8
4485,8
3538,8
1920,8
7577,8
1303,8
484,8
955,8
5891,8
2149,8
2599,8
335,8
4318,7
1734,7
6225,7
111,7
8521,7
5102,7
5589,7
348,7
6054,7
998,7
4150,7
6262,7
82,7
2101,7
4557,7
1202,7
6965,7
2763,7
5940,7
3411,7
1488,7
1740,7
341,7
2867,7
1847,7
1138,7
5461,7
6789,7
8834,7
2393,7
5573,7
215,7
4559,7
3417,7
8403,7
1238,7
7501,7
2874,7
713,7
7291,7
5588,7
5948,7
5756,7
7517,7
2236,7
7541,7
1431,7
5530,7
5114,7
2897,7
1224,7
8567,7
6328,7
2418,7
8601,7
413,7
2895,7
6149,7
1441,7
6245,7
3747,7
1698,7
3772,7
8038,7
6991,7
2468,7
8018,7
2900,7
4159,7
867,7
1887,7
3934,7
3458,7
5981,7
863,7
191,7
5805,7
3764,7
4490,7
2242,7
8281,7
1709,7
7551,7
5502,7
4090,7
6543,7
1707,7
3936,7
3067,7
6547,7
97,7
5486,7
1388,7
6492,7
6355,7
4935,7
1462,7
2405,7
1688,7
356,7
4079,7
6585,7
1466,7
3907,7
4304,7
8639,7
4756,7
8633,7
6197,7
7614,7
8242,7
4540,7
4541,7
2878,7
4925,7
7351,7
437,7
1460,7
3494,7
1381,7
7594,7
5547,7
1695,7
1386,7
6155,7
6250,7
1946,7
7599,7
56,7
1385,7
361,7
3126,7
2056,7
4107,7
4200,7
6808,7
6032,7
7252,7
4176,7
1009,7
2753,7
4911,7
6338,7
7642,7
785,7
2833,7
891,7
7404,7
3686,7
6924,7
6093,7
2289,7
6436,7
2642,7
781,7
7783,7
7951,7
612,7
7727,7
293,7
2579,7
610,7
7091,7
522,7
7037,7
8495,7
2614,7
1158,7
234,7
8430,7
3582,7
4610,7
5909,7
170,7
6910,7
136,7
730,7
7120,7
8266,7
6765,7
2284,7
4719,7
8717,7
7038,7
1173,7
3697,7
3237,7
6744,7
2647,7
4039,7
4870,7
968,7
4262,7
7108,7
3014,7
1573,7
4837,7
8743,7
7051,7
7712,7
249,7
8445,7
3320,7
8737,7
3614,7
6091,7
3604,7
6430,7
2290,7
243,7
1972,7
8061,7
8074,7
905,7
6391,7
8134,7
5190,7
5399,7
739,7
2654,7
6088,7
8434,7
4838,7
8474,7
5719,7
2810,7
1766,7
3830,7
3039,7
4845,7
6781,7
2275,7
6950,7
5926,7
2539,7
5292,7
4672,7
5437,7
3391,7
6778,7
318,7
6461,7
71,7
1341,7
7190,7
4132,7
1154,7
6866,7
3799,7
263,7
6948,7
486,7
4733,7
4813,7
6075,7
754,7
1499,7
3152,7
5700,7
3143,7
3401,7
3790,7
3883,7
2017,7
1503,7
3294,7
6726,7
8513,7
7184,7
2627,7
2533,7
8208,7
4254,7
2544,7
8694,7
6943,7
7189,7
2009,7
2984,7
2012,7
1612,7
3831,7
7479,7
7124,7
5191,7
2937,7
1179,7
5744,7
8322,7
6770,7
625,7
3336,7
5378,7
8419,7
4725,7
2985,7
5348,7
6318,7
3384,7
7664,7
1254,7
499,7
4847,7
4849,6
1771,6
8016,6
5990,6
1790,6
2947,6
6839,6
4188,6
4963,6
1116,6
2197,6
3932,6
903,6
7860,6
6836,6
1120,6
2204,6
8293,6
4256,6
1792,6
1789,6
6888,6
2797,6
168,6
847,6
7970,6
5302,6
1817,6
2925,6
180,6
5234,6
2961,6
4822,6
2221,6
5999,6
7343,6
1108,6
1910,6
2223,6
6326,6
7984,6
4913,6
6004,6
2174,6
2864,6
7978,6
7981,6
7340,6
1199,6
6959,6
4812,6
3983,6
908,6
2840,6
3940,6
6877,6
1919,6
4196,6
1928,6
102,6
7313,6
4243,6
776,6
5962,6
6215,6
7049,6
1166,6
8063,6
838,6
3944,6
3965,6
6851,6
5934,6
3942,6
705,6
6878,6
1101,6
2156,6
6873,6
6228,6
4207,6
7300,6
1777,6
5209,6
4031,6
3591,6
4316,6
1396,6
6194,6
1395,6
1039,6
3086,6
6398,6
595,6
7536,6
596,6
8718,6
4021,6
6052,6
2687,6
3595,6
1250,6
2570,6
2000,6
2274,6
7624,6
7738,6
4620,6
4731,6
3027,6
6692,6
3668,6
3715,6
6045,6
402,6
510,6
5115,6
7725,6
6450,6
1677,6
6151,6
6696,6
1953,6
1399,6
7818,6
2637,6
950,6
1049,6
8118,6
7110,6
4497,6
2303,6
7687,6
8409,6
3077,6
2643,6
3351,6
2506,6
6728,6
537,6
1311,6
5659,6
3676,6
3309,6
1480,6
237,6
2035,6
8427,6
1630,6
6123,6
5732,6
1269,6
241,6
43,6
3683,6
3610,6
1564,6
4382,6
608,6
8113,6
3681,6
3498,6
2292,6
236,6
7458,6
5749,6
534,6
414,6
4693,6
5548,6
2299,6
5397,6
2037,6
4344,6
2997,6
7199,6
947,6
8428,6
7533,6
548,6
8106,6
292,6
6509,6
8480,6
5409,6
7456,6
5723,6
9,6
3053,6
7450,6
4604,6
4459,6
1236,6
3753,6
5475,6
5503,6
3467,6
1405,6
7067,6
4298,6
2968,6
3090,6
6634,6
8685,6
6711,6
3332,6
7847,6
7065,6
4310,6
5615,6
3744,6
5439,6
6637,6
4119,6
8551,6
1021,6
8165,6
4764,6
6538,6
3042,6
3456,6
8760,6
1981,6
6473,6
2739,6
8525,6
7523,6
3761,6
6718,6
688,6
2048,6
918,6
3457,6
7615,6
2045,6
4573,6
7492,6
3341,6
12,6
2380,6
7168,6
5059,6
1045,6
8532,6
5057,6
6400,6
2053,6
24,6
501,6
3031,6
5782,6
8849,6
4560,6
3737,6
5328,6
7425,6
5023,6
8690,6
4757,6
5435,6
1527,6
1533,6
316,6
6545,6
8468,6
7824,6
5616,6
1296,6
1331,6
498,6
5438,6
3278,6
8663,6
6047,6
4532,6
1097,5
7036,5
8465,5
1577,5
1003,5
4970,5
5667,5
3948,5
2946,5
6700,5
8750,5
1796,5
5100,5
1575,5
7933,5
1306,5
2494,5
3623,5
5389,5
7017,5
4035,5
2499,5
8738,5
8459,5
3637,5
2398,5
2061,5
3084,5
6592,5
5468,5
551,5
1788,5
3618,5
2881,5
1590,5
4658,5
4170,5
8129,5
1293,5
3220,5
6499,5
1373,5
193,5
3844,5
4213,5
5938,5
6267,5
6947,5
2849,5
8327,5
468,5
5249,5
2011,5
7671,5
5913,5
5436,5
8701,5
6648,5
1000,5
4891,5
2866,5
4122,5
7505,5
5426,5
5634,5
3540,5
7969,5
2185,5
5447,5
5449,5
8669,5
2171,5
2524,5
4426,5
6957,5
1501,5
7651,5
6269,5
3404,5
4591,5
884,5
6624,5
2530,5
323,5
8053,5
5605,5
6001,5
5200,5
8048,5
6170,5
5239,5
1797,5
114,5
458,5
5263,5
3187,5
4552,5
8531,5
4923,5
2076,5
5579,5
2829,5
8136,5
141,5
6921,5
4875,5
7626,5
2392,5
5404,5
6429,5
3356,5
6489,5
3357,5
4626,5
2133,5
2024,5
5904,5
4050,5
7680,5
5201,5
4073,5
137,5
2564,5
1485,5
4916,5
7631,5
7954,5
7950,5
1483,5
2571,5
116,5
5145,5
6925,5
5941,5
7692,5
4174,5
5645,5
8713,5
753,5
6783,5
3984,5
49,5
5525,5
1666,5
2917,5
4743,5
3789,5
3475,5
5493,5
3446,5
2098,5
7162,5
4948,5
2903,5
1121,5
1237,5
2758,5
7069,5
8369,5
1733,5
855,5
1683,5
3246,5
3483,5
1870,5
8100,5
8431,5
7401,5
1752,5
6244,5
5542,5
5484,5
3060,5
7082,5
8817,5
6864,5
4269,5
6865,5
2680,5
370,5
5295,5
872,5
4735,5
3708,5
1198,5
2689,5
7547,5
4088,5
5291,5
182,5
3933,5
5982,5
5518,5
678,5
3751,5
3271,5
5802,5
7366,5
5311,5
8378,5
917,5
6232,5
383,5
6143,5
1711,5
1712,5
5117,5
5177,5
8255,5
4480,5
3265,5
3066,5
2248,5
5304,5
8574,5
5218,5
3778,5
6139,5
3280,5
1078,5
1232,5
7348,5
7835,5
8596,5
1231,5
922,5
925,5
8395,5
4300,5
1402,5
669,5
7836,5
95,5
858,5
4091,5
1090,5
7641,5
4012,5
3973,5
7779,5
4698,5
3806,5
2638,5
41,5
1609,5
3503,5
2657,5
3678,5
1066,5
1285,5
5727,5
3081,5
6406,5
4455,5
3324,5
8455,5
3430,5
4695,5
7335,5
7911,5
8005,5
108,5
8068,5
8238,5
4682,5
6393,5
247,5
8444,5
3653,5
8439,5
4521,5
2470,5
7429,5
257,5
1260,5
588,5
2483,5
8553,5
7434,5
5104,5
4334,5
5695,5
8776,5
5487,5
7236,5
1611,5
3437,5
3822,5
2919,5
4709,5
4680,5
6569,5
7327,5
5054,5
360,5
4537,5
8436,5
1858,5
3514,5
2064,4
7160,4
2931,4
813,4
2907,4
5979,4
818,4
3166,4
837,4
4566,4
3543,4
6587,4
4565,4
2018,4
8549,4
5094,4
5240,4
8200,4
8668,4
8583,4
8297,4
5952,4
1416,4
2021,4
2443,4
6496,4
8317,4
4495,4
1117,4
5215,4
1020,4
2059,4
4181,4
8585,4
470,4
5228,4
4445,4
7000,4
6613,4
2383,4
1882,4
6136,4
830,4
1889,4
5967,4
4917,4
2500,4
2870,4
6120,4
2886,4
1477,4
1139,4
6552,4
3058,4
3412,4
1029,4
1437,4
369,4
5099,4
4507,4
3487,4
6600,4
2507,4
367,4
842,4
8183,4
6990,4
6484,4
6148,4
103,4
2471,4
8008,4
7994,4
5489,4
6548,4
2446,4
3900,4
3156,4
999,4
7985,4
3420,4
1033,4
5571,4
4435,4
3502,4
2879,4
2893,4
7597,4
8534,4
4918,4
5456,4
8649,4
5482,4
821,4
6999,4
5580,4
8308,4
1426,4
828,4
8017,4
868,4
3522,4
8599,4
8193,4
8595,4
6498,4
8271,4
6616,4
6315,4
4161,4
6872,4
5166,4
6208,4
2283,4
7080,4
728,4
5184,4
5746,4
2095,4
5035,4
7336,4
3119,4
7895,4
3794,4
6053,4
4324,4
7398,4
2220,4
3300,4
1745,4
8829,4
223,4
1665,4
5293,4
5837,4
6365,4
4716,4
5359,4
7320,4
6757,4
2205,4
6722,4
758,4
7751,4
3652,4
7750,4
2630,4
6731,4
6730,4
7092,4
3659,4
8452,4
6733,4
5714,4
6070,4
7914,4
3817,4
3234,4
6886,4
4346,4
1629,4
2952,4
8804,4
1632,4
2955,4
6754,4
8805,4
1200,4
5298,4
7390,4
1667,4
3274,4
2971,4
8399,4
5320,4
4772,4
7864,4
5014,4
8383,4
3989,4
3258,4
6038,4
1721,4
920,4
1720,4
7359,4
6207,4
1704,4
2730,4
8085,4
2732,4
4783,4
4788,4
7862,4
5807,4
2238,4
1217,4
692,4
7056,4
6351,4
4156,4
6050,4
7391,4
5766,4
8260,4
7384,4
5168,4
647,4
2697,4
7345,4
51,4
3122,4
5333,4
7380,4
7382,4
185,4
4001,4
6854,4
5830,4
5175,4
8407,4
8851,4
1206,4
1086,4
1728,4
2254,4
5017,4
1079,4
1289,4
2741,4
2806,4
4127,4
793,4
7472,4
7676,4
135,4
4608,4
1538,4
4614,4
2184,4
3208,4
4399,4
7306,4
2348,4
520,4
5144,4
2832,4
8767,4
2573,4
526,4
6668,4
7461,4
2188,4
1552,4
3853,4
2340,4
2578,4
4987,4
8691,4
2126,4
6109,4
3885,4
475,4
4982,4
6115,4
8665,4
2175,4
5444,4
4420,4
1505,4
7650,4
2066,4
2129,4
5623,4
3093,4
2850,4
3200,4
3873,4
6273,4
1519,4
7244,4
315,4
2362,4
8695,4
2548,4
2341,4
7304,4
4864,4
5663,4
7732,4
6431,4
6918,4
2820,4
8472,4
1991,4
5388,4
967,4
5402,4
4656,4
2329,4
8756,4
8133,4
3841,4
4371,4
559,4
5271,4
2316,4
8471,4
8457,4
3217,4
5690,4
7198,4
778,4
7100,4
4633,4
2824,4
2825,4
2949,4
4185,3
5194,3
3150,3
8159,3
5047,3
2933,3
6141,3
8081,3
6019,3
8065,3
7107,3
4063,3
5203,3
7030,3
7066,3
8156,3
59,3
6114,3
4029,3
8207,3
6118,3
4136,3
4980,3
3990,3
4165,3
8224,3
6022,3
3061,3
4995,3
7219,3
933,3
7122,3
3024,3
8261,3
7215,3
4040,3
976,3
8039,3
7109,3
6062,3
4007,3
2039,3
5068,3
1997,3
5165,3
878,3
7,3
4005,3
7115,3
4051,3
90,3
8243,3
2073,3
7224,3
8051,3
78,3
4151,3
7027,3
8240,3
7152,3
7127,3
4172,3
896,3
4145,3
5125,3
70,3
2541,3
572,3
4425,3
7341,3
725,3
726,3
4352,3
2777,3
8782,3
7640,3
7781,3
5446,3
583,3
7333,3
5284,3
5853,3
737,3
8372,3
2521,3
6861,3
5555,3
7763,3
3506,3
4815,3
3542,3
5718,3
6742,3
3782,3
4534,3
710,3
1205,3
2294,3
8435,3
703,3
738,3
6887,3
2373,3
2318,3
277,3
7440,3
2604,3
274,3
8343,3
7535,3
7442,3
5541,3
2817,3
1584,3
8552,3
6419,3
6908,3
5886,3
4662,3
5703,3
2200,3
3834,3
8754,3
1783,3
7924,3
1593,3
5876,3
4670,3
5693,3
3825,3
5282,3
429,3
1603,3
5863,3
3682,3
7639,3
7723,3
5462,3
2273,3
3285,3
5346,3
2272,3
3730,3
6807,3
3413,3
4798,3
340,3
1475,3
630,3
1652,3
3736,3
232,3
4311,3
5778,3
655,3
8411,3
2263,3
3295,3
216,3
652,3
5340,3
6785,3
7817,3
4315,3
1241,3
3714,3
4436,3
1369,3
8541,3
666,3
1371,3
2677,3
8811,3
2514,3
2747,3
3769,3
696,3
695,3
5567,3
1376,3
4290,3
446,3
4781,3
5740,3
5318,3
7367,3
3754,3
623,3
8647,3
5352,3
4722,3
1223,3
8820,3
6822,3
7370,3
6345,3
676,3
6344,3
4770,3
3699,3
5457,3
4721,3
5568,3
144,3
6791,3
6635,3
115,3
6447,3
3183,3
1854,3
8584,3
4618,3
4616,3
6665,3
829,3
7565,3
3184,3
3451,3
6969,3
4922,3
525,3
2880,3
4215,3
5942,3
5242,3
7481,3
5517,3
1836,3
7295,3
2861,3
4630,3
8598,3
3880,3
1558,3
405,3
8569,3
8591,3
127,3
8288,3
2555,3
7263,3
3576,3
4189,3
1410,3
4955,3
3459,3
3169,3
4481,3
851,3
1874,3
4193,3
511,3
4404,3
6977,3
310,3
846,3
7270,3
8700,3
390,3
3454,3
392,3
8499,3
6525,3
5224,3
515,3
3375,3
3906,3
7700,3
1523,3
287,3
8729,3
6558,3
3856,3
7962,3
3612,3
7704,3
3440,3
7449,3
4884,3
5912,3
6428,3
790,3
3213,3
4236,3
280,3
4881,3
1824,3
7965,3
8516,3
1825,3
5248,3
3358,3
5662,3
5073,2
3638,2
485,2
1069,2
6415,2
7630,2
2387,2
6685,2
1326,2
6708,2
8105,2
5354,2
5417,2
2349,2
6714,2
5620,2
46,2
312,2
5607,2
8682,2
267,2
8408,2
6407,2
4323,2
3374,2
4727,2
4437,2
6420,2
7509,2
5611,2
1048,2
5671,2
8686,2
8747,2
4400,2
6688,2
4605,2
8742,2
3107,2
5400,2
981,2
5170,2
4738,2
1248,2
6704,2
1517,2
2686,2
7436,2
7010,2
513,2
1992,2
546,2
1294,2
7488,2
1259,2
7689,2
4594,2
5412,2
3321,2
2649,2
294,2
6116,2
7453,2
1518,2
6392,2
7462,2
6640,2
532,2
4385,2
472,2
6432,2
3662,2
4703,2
7649,2
3044,2
4064,2
6618,2
3402,2
3544,2
7457,2
1340,2
6187,2
6472,2
2525,2
1283,2
479,2
4358,2
6698,2
4343,2
265,2
1262,2
3695,2
6098,2
3306,2
5065,2
8719,2
4125,2
622,2
3692,2
1980,2
1600,2
3019,2
8815,2
4712,2
3649,2
4596,2
1550,2
1321,2
4432,2
7744,2
336,2
2344,2
6443,2
3650,2
4708,2
6067,2
7693,2
5730,2
3407,2
2518,2
4115,2
940,2
7845,2
1669,2
906,2
4082,2
3838,2
897,2
3144,2
148,2
7936,2
3219,2
1170,2
7940,2
4460,2
8615,2
4513,2
2191,2
8612,2
6927,2
6014,2
8565,2
2831,2
783,2
1014,2
7538,2
6292,2
1387,2
8,2
8071,2
4835,2
2409,2
6311,2
3974,2
4527,2
7531,2
3821,2
4844,2
5874,2
5466,2
4251,2
3501,2
6505,2
7593,2
2118,2
2410,2
3142,2
7931,2
899,2
3832,2
1914,2
5258,2
3865,2
8296,2
8185,2
3894,2
2426,2
1899,2
7276,2
2158,2
7254,2
3069,2
3452,2
7561,2
7990,2
6248,2
3177,2
4482,2
2151,2
6247,2
6994,2
3070,2
4098,2
8280,2
3471,2
6966,2
5914,2
8572,2
4228,2
2421,2
1102,2
5531,2
2052,2
2455,2
3878,2
8315,2
1834,2
4223,2
820,2
4222,2
401,2
3887,2
1424,2
1840,2
3889,2
817,2
7284,2
6260,2
1190,2
2476,2
7900,2
7225,2
8538,2
8089,2
5321,2
5322,2
1047,2
5565,2
4152,2
8539,2
2495,2
1220,2
7520,2
6831,2
7857,2
7856,2
694,2
2743,2
4158,2
2746,2
916,2
5823,2
1690,2
2027,2
4763,2
6811,2
5764,2
6795,2
7622,2
3720,2
1674,2
8412,2
5772,2
1678,2
657,2
213,2
2260,2
3051,2
2395,2
2261,2
6800,2
7831,2
2501,2
6806,2
2713,2
4280,2
5806,2
1209,2
1744,2
2484,2
7155,2
6857,2
6130,2
3056,2
6211,2
720,2
3504,2
3793,2
2231,2
3243,2
7178,2
4264,2
3800,2
2778,2
5849,2
732,2
2782,2
6325,2
5839,2
6455,2
6844,2
8627,2
8544,2
3510,2
4797,2
3776,2
5497,1
2370,1
4494,1
5131,1
7179,1
5130,1
2428,1
3558,1
7655,1
8603,1
2043,1
5515,1
4097,1
4413,1
366,1
3461,1
2417,1
1484,1
4486,1
1411,1
4524,1
6147,1
6623,1
2402,1
5624,1
8542,1
5090,1
3048,1
4415,1
5612,1
3478,1
6124,1
6478,1
7574,1
1456,1
5126,1
5134,1
4589,1
376,1
7149,1
3508,1
2424,1
7633,1
5534,1
1471,1
3491,1
448,1
3421,1
5553,1
10,1
8178,1
6105,1
1012,1
1524,1
2474,1
8550,1
8287,1
4406,1
3221,1
158,1
6897,1
5872,1
1781,1
1924,1
6303,1
8348,1
4250,1
5885,1
4244,1
2818,1
4880,1
8270,1
6920,1
2943,1
4169,1
3215,1
7309,1
4988,1
4991,1
7310,1
1164,1
7923,1
7331,1
161,1
3818,1
6330,1
5306,1
1727,1
2752,1
5303,1
3985,1
2229,1
6320,1
717,1
5005,1
5186,1
7235,1
2767,1
3791,1
1933,1
727,1
6313,1
8256,1
3141,1
8257,1
6304,1
8335,1
4232,1
5307,1
843,1
6229,1
5949,1
3905,1
873,1
3904,1
1857,1
8006,1
1863,1
3913,1
1128,1
5991,1
3148,1
4197,1
5222,1
3920,1
5975,1
4949,1
3929,1
8034,1
1119,1
7262,1
1885,1
3947,1
2922,1
875,1
3901,1
8333,1
6011,1
2936,1
2843,1
3866,1
3869,1
8324,1
2935,1
886,1
1150,1
3957,1
4179,1
4217,1
5935,1
7980,1
4914,1
5238,1
1846,1
7282,1
2160,1
5945,1
1726,1
7352,1
2357,1
3002,1
4373,1
1990,1
552,1
4648,1
6707,1
2084,1
6719,1
7743,1
4671,1
4363,1
8770,1
4685,1
5049,1
954,1
1977,1
260,1
4683,1
1063,1
1976,1
586,1
4686,1
5710,1
3350,1
4641,1
3355,1
1055,1
7473,1
5424,1
306,1
6659,1
7683,1
8221,1
1537,1
1325,1
8707,1
5641,1
8492,1
4394,1
3366,1
528,1
6674,1
3363,1
1557,1
5411,1
3359,1
1054,1
5067,1
2636,1
6397,1
2740,1
668,1
5339,1
1681,1
7825,1
8094,1
1234,1
3735,1
1689,1
7833,1
3995,1
5785,1
1229,1
6737,1
7837,1
7375,1
679,1
4293,1
4778,1
8387,1
1222,1
5319,1
5811,1
7863,1
2694,1
7385,1
7814,1
5171,1
8790,1
1622,1
7419,1
244,1
7408,1
6064,1
1263,1
1067,1
4016,1
7787,1
3688,1
8104,1
1961,1
8816,1
6373,1
631,1
633,1
1657,1
8832,1
5342,1
644,1
8582,1
